1752728937052 0.0727 0
1752729226464 0.07959 1
1752729517650 0.07176 2
1752729809138 0.08178 3
1752730095989 0.08469 4
1752730381807 0.12348 5
1752730679145 0.14872 6
1752730966418 0.13421 7
1752731248130 0.14027 8
1752731527264 0.13628 9
1752731808428 0.15201 10
1752732086071 0.15443 11
1752732360370 0.17147 12
1752732636365 0.17809 13
1752732915147 0.15821 14
1752733191575 0.1903 15
1752733470319 0.17829 16
1752733751032 0.18403 17
1752734032055 0.19001 18
1752734315377 0.17523 19
1752734597366 0.19186 20
1752734881017 0.18639 21
1752735156831 0.19359 22
1752735436617 0.18134 23
1752735716471 0.1748 24
1752735992758 0.18401 25
1752736279521 0.19644 26
1752736564374 0.19422 27
1752736843996 0.19389 28
1752737121744 0.21456 29
1752737401182 0.20038 30
1752737688250 0.20794 31
1752737967396 0.2027 32
1752738249755 0.19985 33
1752738527885 0.20446 34
1752738812397 0.21039 35
1752739093130 0.21876 36
1752739379026 0.23331 37
1752739668260 0.23149 38
1752739946325 0.2243 39
1752740223815 0.21417 40
1752740505229 0.21439 41
1752740783093 0.21511 42
1752741068784 0.21823 43
1752741348589 0.21556 44
1752741627325 0.21242 45
1752741904378 0.2156 46
1752742191169 0.21513 47
1752742476594 0.21271 48
1752742761932 0.212 49
1752742769234 0.23345243555274892 49
