1752728937052 0.13286 0
1752729226464 0.12575 1
1752729517650 0.12917 2
1752729809138 0.16449 3
1752730095989 0.15396 4
1752730381807 0.19354 5
1752730679145 0.26613 6
1752730966418 0.23074 7
1752731248130 0.26957 8
1752731527264 0.24321 9
1752731808428 0.26283 10
1752732086071 0.26149 11
1752732360370 0.27523 12
1752732636365 0.28834 13
1752732915147 0.27551 14
1752733191575 0.31712 15
1752733470319 0.29301 16
1752733751032 0.30657 17
1752734032055 0.32476 18
1752734315377 0.29584 19
1752734597366 0.32038 20
1752734881017 0.30221 21
1752735156831 0.30171 22
1752735436617 0.31755 23
1752735716471 0.31162 24
1752735992758 0.31077 25
1752736279521 0.32601 26
1752736564374 0.32815 27
1752736843996 0.3127 28
1752737121744 0.35241 29
1752737401182 0.32853 30
1752737688250 0.32202 31
1752737967396 0.3205 32
1752738249755 0.31236 33
1752738527885 0.32211 34
1752738812397 0.3359 35
1752739093130 0.34838 36
1752739379026 0.36492 37
1752739668260 0.357 38
1752739946325 0.35555 39
1752740223815 0.33755 40
1752740505229 0.33754 41
1752740783093 0.33973 42
1752741068784 0.34313 43
1752741348589 0.33613 44
1752741627325 0.33584 45
1752741904378 0.33672 46
1752742191169 0.33705 47
1752742476594 0.33961 48
1752742761932 0.33639 49
1752742769234 0.3648275725230081 49
