1752728937052 0.85832 0
1752729226464 0.17074 1
1752729517650 0.58947 2
1752729809138 0.25128 3
1752730095989 0.60106 4
1752730381807 0.22362 5
1752730679145 0.48364 6
1752730966418 0.54383 7
1752731248130 0.2771 8
1752731527264 0.26742 9
1752731808428 0.29452 10
1752732086071 0.52419 11
1752732360370 0.24914 12
1752732636365 0.25921 13
1752732915147 0.27337 14
1752733191575 0.34375 15
1752733470319 0.31445 16
1752733751032 0.33765 17
1752734032055 0.39902 18
1752734315377 0.3351 19
1752734597366 0.49838 20
1752734881017 0.28291 21
1752735156831 0.30277 22
1752735436617 0.34847 23
1752735716471 0.33036 24
1752735992758 0.34802 25
1752736279521 0.34375 26
1752736564374 0.39191 27
1752736843996 0.34582 28
1752737121744 0.38551 29
1752737401182 0.3984 30
1752737688250 0.41421 31
1752737967396 0.3651 32
1752738249755 0.34365 33
1752738527885 0.39745 34
1752738812397 0.36981 35
1752739093130 0.4003 36
1752739379026 0.42295 37
1752739668260 0.40184 38
1752739946325 0.36804 39
1752740223815 0.3355 40
1752740505229 0.36942 41
1752740783093 0.39157 42
1752741068784 0.38319 43
1752741348589 0.37278 44
1752741627325 0.35779 45
1752741904378 0.37618 46
1752742191169 0.38442 47
1752742476594 0.36026 48
1752742761932 0.36477 49
1752742769234 0.42357238977053946 49
