1752728937052 0.13636 0
1752729226464 0.14045 1
1752729517650 0.14952 2
1752729809138 0.20225 3
1752730095989 0.20644 4
1752730381807 0.23715 5
1752730679145 0.24359 6
1752730966418 0.23495 7
1752731248130 0.2724 8
1752731527264 0.30542 9
1752731808428 0.30621 10
1752732086071 0.3004 11
1752732360370 0.36939 12
1752732636365 0.37498 13
1752732915147 0.32257 14
1752733191575 0.35285 15
1752733470319 0.32489 16
1752733751032 0.32467 17
1752734032055 0.34506 18
1752734315377 0.39102 19
1752734597366 0.33022 20
1752734881017 0.395 21
1752735156831 0.39963 22
1752735436617 0.36925 23
1752735716471 0.40798 24
1752735992758 0.41471 25
1752736279521 0.43878 26
1752736564374 0.42317 27
1752736843996 0.41685 28
1752737121744 0.43949 29
1752737401182 0.43295 30
1752737688250 0.40522 31
1752737967396 0.40674 32
1752738249755 0.42288 33
1752738527885 0.4091 34
1752738812397 0.45418 35
1752739093130 0.43323 36
1752739379026 0.41106 37
1752739668260 0.412 38
1752739946325 0.43367 39
1752740223815 0.46464 40
1752740505229 0.43455 41
1752740783093 0.42087 42
1752741068784 0.42336 43
1752741348589 0.42434 44
1752741627325 0.41841 45
1752741904378 0.41693 46
1752742191169 0.41037 47
1752742476594 0.42649 48
1752742761932 0.43385 49
1752742769234 0.40920233174805776 49
