1752728933656 1.6099 0
1752729223271 1.49675 1
1752729514505 1.55088 2
1752729805989 1.55784 3
1752730092725 1.50956 4
1752730380182 1.48598 5
1752730675472 1.45249 6
1752730964885 1.4283 7
1752731245154 1.40858 8
1752731524263 1.39484 9
1752731805141 1.37561 10
1752732082974 1.36901 11
1752732357390 1.35829 12
1752732633335 1.34416 13
1752732912207 1.32991 14
1752733188552 1.31848 15
1752733467328 1.31196 16
1752733749687 1.30997 17
1752734028688 1.29262 18
1752734312051 1.28995 19
1752734594275 1.27403 20
1752734877706 1.26661 21
1752735153853 1.25983 22
1752735433495 1.25672 23
1752735713073 1.24151 24
1752735989799 1.23991 25
1752736276503 1.23309 26
1752736563147 1.23079 27
1752736840946 1.21354 28
1752737118715 1.21492 29
1752737398206 1.20322 30
1752737685258 1.19043 31
1752737965765 1.18593 32
1752738246599 1.17858 33
1752738524940 1.17174 34
1752738809061 1.16487 35
1752739090119 1.15467 36
1752739375935 1.13822 37
1752739665107 1.13957 38
1752739943369 1.13405 39
1752740222550 1.20799 40
1752740501907 1.17916 41
1752740780142 1.15676 42
1752741065649 1.13818 43
1752741345427 1.12035 44
1752741626086 1.10891 45
1752741901343 1.08904 46
1752742187803 1.07895 47
1752742473317 1.06098 48
1752742758769 1.05188 49
