1752728933656 3.32309 0
1752729223271 2.59605 1
1752729514505 2.67442 2
1752729805989 2.6919 3
1752730092725 2.58045 4
1752730380182 2.48794 5
1752730675472 2.38838 6
1752730964885 2.33263 7
1752731245154 2.27038 8
1752731524263 2.20834 9
1752731805141 2.15026 10
1752732082974 2.12408 11
1752732357390 2.07184 12
1752732633335 2.0496 13
1752732912207 2.01629 14
1752733188552 1.97728 15
1752733467328 1.93084 16
1752733749687 1.91353 17
1752734028688 1.87348 18
1752734312051 1.8435 19
1752734594275 1.81556 20
1752734877706 1.78541 21
1752735153853 1.76408 22
1752735433495 1.74185 23
1752735713073 1.69913 24
1752735989799 1.66877 25
1752736276503 1.6573 26
1752736563147 1.63538 27
1752736840946 1.60328 28
1752737118715 1.57565 29
1752737398206 1.55152 30
1752737685258 1.52265 31
1752737965765 1.49348 32
1752738246599 1.47581 33
1752738524940 1.45311 34
1752738809061 1.42227 35
1752739090119 1.39854 36
1752739375935 1.36328 37
1752739665107 1.35195 38
1752739943369 1.32969 39
1752740222550 1.20994 40
1752740501907 1.13912 41
1752740780142 1.091 42
1752741065649 1.06318 43
1752741345427 1.02661 44
1752741626086 0.98792 45
1752741901343 0.96364 46
1752742187803 0.93575 47
1752742473317 0.9131 48
1752742758769 0.89602 49
