1752728933656 1.905 0
1752729223271 1.80537 1
1752729514505 1.85017 2
1752729805989 1.87682 3
1752730092725 1.82753 4
1752730380182 1.80631 5
1752730675472 1.77322 6
1752730964885 1.75915 7
1752731245154 1.74282 8
1752731524263 1.73171 9
1752731805141 1.71179 10
1752732082974 1.70118 11
1752732357390 1.68921 12
1752732633335 1.68314 13
1752732912207 1.67769 14
1752733188552 1.6669 15
1752733467328 1.65517 16
1752733749687 1.65223 17
1752734028688 1.63774 18
1752734312051 1.63013 19
1752734594275 1.62321 20
1752734877706 1.617 21
1752735153853 1.6119 22
1752735433495 1.60388 23
1752735713073 1.59627 24
1752735989799 1.58751 25
1752736276503 1.58492 26
1752736563147 1.57809 27
1752736840946 1.57114 28
1752737118715 1.56295 29
1752737398206 1.55733 30
1752737685258 1.54854 31
1752737965765 1.54306 32
1752738246599 1.53623 33
1752738524940 1.52579 34
1752738809061 1.52027 35
1752739090119 1.50975 36
1752739375935 1.49812 37
1752739665107 1.49675 38
1752739943369 1.49286 39
1752740222550 1.62784 40
1752740501907 1.59982 41
1752740780142 1.58257 42
1752741065649 1.56405 43
1752741345427 1.55303 44
1752741626086 1.53981 45
1752741901343 1.52009 46
1752742187803 1.50919 47
1752742473317 1.49278 48
1752742758769 1.48652 49
