1752728933656 0.0033317639673571876 0
1752729223271 0.006533128374136848 1
1752729514505 0.00960249278091651 2
1752729805989 0.009406 3
1752730092725 0.009208000000000001 4
1752730380182 0.00901 5
1752730675472 0.008812 6
1752730964885 0.008614 7
1752731245154 0.008416 8
1752731524263 0.008218000000000001 9
1752731805141 0.008020000000000001 10
1752732082974 0.007822 11
1752732357390 0.007624 12
1752732633335 0.007426 13
1752732912207 0.007228 14
1752733188552 0.00703 15
1752733467328 0.0068319999999999995 16
1752733749687 0.006633999999999999 17
1752734028688 0.006436000000000001 18
1752734312051 0.0062380000000000005 19
1752734594275 0.00604 20
1752734877706 0.005842000000000001 21
1752735153853 0.005644000000000001 22
1752735433495 0.005446000000000001 23
1752735713073 0.005248000000000001 24
1752735989799 0.00505 25
1752736276503 0.0048519999999999995 26
1752736563147 0.004654 27
1752736840946 0.004456 28
1752737118715 0.0042580000000000005 29
1752737398206 0.00406 30
1752737685258 0.003862 31
1752737965765 0.003664 32
1752738246599 0.003466 33
1752738524940 0.003268 34
1752738809061 0.0030700000000000007 35
1752739090119 0.002872 36
1752739375935 0.002674 37
1752739665107 0.002476 38
1752739943369 0.0022779999999999996 39
1752740222550 0.00208 40
1752740501907 0.0018820000000000006 41
1752740780142 0.0016840000000000006 42
1752741065649 0.0014860000000000001 43
1752741345427 0.001288 44
1752741626086 0.0010899999999999998 45
1752741901343 0.0008919999999999996 46
1752742187803 0.0006940000000000005 47
1752742473317 0.0004960000000000005 48
1752742758769 0.0002980000000000002 49
